-1.117185652256011963e-01 -4.965901076793670654e-01 1.630737036466598511e-01 -8.816877603530883789e-01 5.390019342303276062e-02 6.683737039566040039e-01 -5.965760722756385803e-02 -4.674979448318481445e-01 -2.152529358863830566e-01 8.839616179466247559e-01
-7.584168910980224609e-01 -3.688679039478302002e-01 -3.423936069011688232e-01 -1.401971817016601562e+00 3.206479847431182861e-01 -1.021857500076293945e+00 7.988325953483581543e-01 -9.228753298521041870e-02 -7.049196958541870117e-01 -1.602362155914306641e+00
2.890971899032592773e-01 4.898708462715148926e-01 -3.852746188640594482e-01 -7.120345830917358398e-01 -1.706134974956512451e-01 -1.459438681602478027e+00 2.206590771675109863e-01 2.462520748376846313e-01 -1.324811935424804688e+00 6.969805359840393066e-01
-6.630538702011108398e-01 1.215756893157958984e+00 -1.494875788688659668e+00 8.809611201286315918e-01 -1.178647518157958984e+00 -9.339950084686279297e-01 -5.675454735755920410e-01 -2.772276699542999268e-01 -2.183397769927978516e+00 3.668263554573059082e-01
9.380273818969726562e-01 7.816485129296779633e-03 -3.138604760169982910e-01 -1.156704306602478027e+00 1.840857625007629395e+00 -1.017432212829589844e+00 1.219240546226501465e+00 1.601267606019973755e-01 1.598497629165649414e+00 -4.686056077480316162e-02
-1.526992321014404297e+00 -2.014254570007324219e+00 -1.517266035079956055e+00 3.877426683902740479e-01 -1.184855461120605469e+00 6.896739006042480469e-01 1.323191285133361816e+00 1.816936969757080078e+00 6.807650923728942871e-01 7.243660092353820801e-01
3.231069818139076233e-02 -1.659276843070983887e+00 -1.877329230308532715e+00 7.372459769248962402e-01 9.257423877716064453e-01 9.246960878372192383e-01 1.825356483459472656e-01 -7.369776070117950439e-02 3.146784603595733643e-01 -1.036900758743286133e+00
2.100419700145721436e-01 6.144274473190307617e-01 6.279586255550384521e-02 -3.296746313571929932e-01 -1.796968340873718262e+00 8.728177547454833984e-01 7.669646143913269043e-01 -1.137812212109565735e-01 -9.428192377090454102e-01 7.540221214294433594e-01
1.407284587621688843e-01 -6.936872005462646484e-01 -6.158936023712158203e-01 -7.295492291450500488e-01 4.308302700519561768e-01 2.862034440040588379e-01 -2.481229454278945923e-01 2.039577215909957886e-01 8.518730998039245605e-01 -1.410180926322937012e+00
-1.071020588278770447e-01 -8.018112778663635254e-01 2.770742475986480713e-01 2.559926986694335938e+00 -1.695175170898437500e+00 1.885341256856918335e-01 7.387925982475280762e-01 1.590334534645080566e+00 -1.947362422943115234e-01 -2.414865940809249878e-01
1.320447325706481934e+00 1.599696993827819824e+00 -1.079242825508117676e+00 -3.396097421646118164e-01 -6.779681444168090820e-01 -1.260622292757034302e-01 -1.676967024803161621e+00 1.206800460815429688e+00 5.721772909164428711e-01 6.528875231742858887e-02
-2.345902100205421448e-02 8.876056671142578125e-01 9.569710493087768555e-01 -5.509868264198303223e-01 2.661676168441772461e+00 2.147912263870239258e+00 -8.554925918579101562e-01 -7.208058834075927734e-01 1.375454425811767578e+00 9.988473057746887207e-01
1.469189971685409546e-01 -9.052940607070922852e-01 -3.587466180324554443e-01 1.637389540672302246e+00 6.896861195564270020e-01 -5.844424366950988770e-01 9.077835679054260254e-01 4.848221540451049805e-01 -2.632158398628234863e-01 -5.432298779487609863e-01
-1.640576481819152832e+00 9.294529557228088379e-01 1.290699243545532227e+00 2.612212300300598145e-01 -5.861643552780151367e-01 -1.510528087615966797e+00 -2.015455007553100586e+00 6.963679790496826172e-01 -6.676169037818908691e-01 -8.424425721168518066e-01
5.289459824562072754e-01 -5.446571707725524902e-01 8.096711635589599609e-01 1.122571706771850586e+00 -6.129184365272521973e-01 2.229465991258621216e-01 4.593277275562286377e-01 -1.703083157539367676e+00 -1.277655959129333496e+00 -7.428273558616638184e-01
9.710890650749206543e-01 3.551187515258789062e-01 -1.517437934875488281e+00 -3.565506339073181152e-01 9.454782009124755859e-01 -2.171598196029663086e+00 -8.038501739501953125e-01 -4.530095458030700684e-01 -2.217075079679489136e-01 -2.090078115463256836e+00
-1.770502626895904541e-01 -8.980878591537475586e-01 -9.834432005882263184e-01 7.563787698745727539e-01 3.474414348602294922e-01 2.855728268623352051e-01 -4.954512044787406921e-02 6.224549412727355957e-01 -1.921671271324157715e+00 -1.317619919776916504e+00
1.228645086288452148e+00 7.024605274200439453e-01 -1.697037741541862488e-02 -2.829783856868743896e-01 -6.445944309234619141e-01 -1.988458633422851562e-02 1.122890263795852661e-01 -6.601291298866271973e-01 -6.243130564689636230e-01 -7.416366934776306152e-01
3.422347605228424072e-01 -2.872651219367980957e-01 -6.725814342498779297e-01 8.843341469764709473e-01 7.211137413978576660e-01 2.214390933513641357e-01 -2.737281620502471924e-01 8.612269759178161621e-01 -6.094889342784881592e-02 2.107311964035034180e+00
-9.930011034011840820e-01 1.408026576042175293e+00 -7.945422530174255371e-01 6.143862009048461914e-01 -2.730256319046020508e-01 1.656054496765136719e+00 1.394029974937438965e+00 6.059507131576538086e-01 2.208765596151351929e-01 -8.245159387588500977e-01
7.288790345191955566e-01 -7.336253523826599121e-01 1.562405347824096680e+00 -1.020799040794372559e+00 -1.753414049744606018e-02 -9.194043278694152832e-01 -9.389005303382873535e-01 -1.942084550857543945e+00 2.329007387161254883e-01 -1.101420164108276367e+00
-1.247342348098754883e+00 -7.484508752822875977e-01 -9.792380928993225098e-01 8.285123705863952637e-01 -2.501319646835327148e-01 1.602276414632797241e-01 7.295356392860412598e-01 -4.440505802631378174e-01 8.213597536087036133e-01 -6.015240550041198730e-01
9.069196581840515137e-01 1.569100856781005859e+00 -1.108358725905418396e-01 -2.572998106479644775e-01 5.631397366523742676e-01 6.289633363485336304e-02 -6.391786038875579834e-02 3.029174327850341797e+00 1.857612431049346924e-01 -1.703619509935379028e-01
1.027041792869567871e+00 7.040230929851531982e-02 3.586303591728210449e-01 -2.359363079071044922e+00 -1.395433783531188965e+00 8.674722909927368164e-01 -2.251530289649963379e-01 1.192901879549026489e-01 -1.077163577079772949e+00 2.516043484210968018e-01
-2.195752710103988647e-01 6.061504483222961426e-01 4.731083661317825317e-02 1.240523718297481537e-02 3.774962425231933594e-01 7.332466840744018555e-01 -4.914606809616088867e-01 -1.104862689971923828e+00 -3.912207856774330139e-02 4.161234200000762939e-02
-1.046808004379272461e+00 3.349711000919342041e-02 -1.054497003555297852e+00 -1.973213404417037964e-01 8.522104620933532715e-01 -4.065567255020141602e-01 -1.411251187324523926e+00 1.997892931103706360e-02 -4.115279614925384521e-01 -3.398294448852539062e-01
-5.563318133354187012e-01 -6.507679224014282227e-01 -2.178591489791870117e-01 7.699643373489379883e-01 -9.989120960235595703e-01 1.110588073730468750e+00 3.113611042499542236e-02 1.569585084915161133e+00 1.538940072059631348e+00 2.984109520912170410e-01
5.560742616653442383e-01 -6.868320107460021973e-01 -1.106657862663269043e+00 2.268921852111816406e+00 -2.251007080078125000e+00 -1.011525869369506836e+00 3.828201591968536377e-01 1.236266732215881348e+00 -1.053466081619262695e+00 -9.403539896011352539e-01
8.782309293746948242e-01 -8.629099130630493164e-01 -9.917197227478027344e-01 8.485450148582458496e-01 7.375871539115905762e-01 -1.315835475921630859e+00 -4.561651051044464111e-01 -1.788393378257751465e+00 -1.416577935218811035e+00 -9.863376617431640625e-01
6.091184616088867188e-01 6.667547225952148438e-01 -1.120629787445068359e+00 -1.667994618415832520e+00 1.068497180938720703e+00 -1.831078827381134033e-01 6.444612145423889160e-01 -5.592204928398132324e-01 -4.479853808879852295e-01 -6.475838422775268555e-01
2.082598060369491577e-01 -7.377550601959228516e-01 -3.217526674270629883e-01 -9.491377472877502441e-01 1.070361971855163574e+00 -1.046968340873718262e+00 1.376977086067199707e+00 3.988782167434692383e-01 -1.215257525444030762e+00 -3.161831200122833252e-02
-8.687304854393005371e-01 -3.510211110115051270e-01 -1.999822407960891724e-01 -1.444682240486145020e+00 8.402096033096313477e-01 -8.668428659439086914e-01 -9.727591872215270996e-01 -1.245171785354614258e+00 -1.146885193884372711e-02 -1.054544448852539062e+00
-8.747965693473815918e-01 2.299372196197509766e+00 -1.445319175720214844e+00 -7.350354790687561035e-01 -1.607275962829589844e+00 -1.103853225708007812e+00 -1.867971420288085938e+00 8.118762969970703125e-01 1.153807401657104492e+00 -5.539915561676025391e-01
-8.931977748870849609e-01 -3.464606404304504395e-01 -5.365033149719238281e-01 -2.292702943086624146e-01 -2.483815997838973999e-01 3.544437885284423828e-01 -6.692020297050476074e-01 -2.320278644561767578e+00 5.021373033523559570e-01 -1.245683282613754272e-01
6.526468992233276367e-01 -1.345149278640747070e+00 9.635826349258422852e-01 8.349970579147338867e-01 -2.767547130584716797e+00 1.480221509933471680e+00 2.942146360874176025e-01 1.392439842224121094e+00 2.112975120544433594e+00 -8.559864759445190430e-02
1.257989764213562012e+00 -1.849432587623596191e+00 -1.225261807441711426e+00 -6.665440797805786133e-01 -5.089565515518188477e-01 -5.192949771881103516e-01 4.295575022697448730e-01 -1.341845512390136719e+00 -3.649457395076751709e-01 1.269666910171508789e+00
5.690035223960876465e-01 4.714722633361816406e-01 4.616074264049530029e-01 -1.382157206535339355e+00 8.789497017860412598e-01 -9.897089749574661255e-02 1.204342246055603027e+00 1.997584998607635498e-01 -4.456605389714241028e-02 -2.705264091491699219e-01
1.150130510330200195e+00 1.456597208976745605e+00 2.764024257659912109e+00 -3.186981678009033203e-01 -1.316476166248321533e-01 -6.221178770065307617e-01 -1.430104494094848633e+00 -1.431719183921813965e+00 2.115495681762695312e+00 -1.185296773910522461e+00
1.204178333282470703e+00 -3.535176217555999756e-01 3.414854407310485840e-01 1.320744872093200684e+00 -5.344910621643066406e-01 2.201140165328979492e+00 -1.214682579040527344e+00 -8.641756772994995117e-01 -1.013175487518310547e+00 -3.667580485343933105e-01
1.306389451026916504e+00 -2.188023328781127930e+00 -2.055217504501342773e+00 7.384318709373474121e-01 9.454210400581359863e-01 -1.352238297462463379e+00 6.628993749618530273e-01 5.435665249824523926e-01 5.327733159065246582e-01 -7.291183471679687500e-01
-1.358329296112060547e+00 -1.868585497140884399e-01 -1.320789217948913574e+00 1.448657989501953125e+00 -1.515477776527404785e+00 -1.236375093460083008e+00 -6.758168339729309082e-01 -8.001209050416946411e-02 -4.060184061527252197e-01 2.415458112955093384e-01
2.559283375740051270e-01 -6.051216274499893188e-02 -1.539405584335327148e-01 1.401947498321533203e+00 -3.116690367460250854e-02 1.472501635551452637e+00 -4.814949631690979004e-01 -8.533391952514648438e-01 2.309828400611877441e-01 7.535091042518615723e-01
-6.286903023719787598e-01 -7.702019810676574707e-01 1.671271443367004395e+00 7.765235900878906250e-01 4.891455471515655518e-01 -5.015127658843994141e-01 1.671015143394470215e+00 -8.181530833244323730e-01 7.551466226577758789e-01 1.366257667541503906e+00
-4.598190188407897949e-01 6.668132543563842773e-01 -7.839034199714660645e-01 2.191063404083251953e+00 3.531214892864227295e-01 8.086777925491333008e-01 2.784688711166381836e+00 -5.777140259742736816e-01 -1.511283516883850098e+00 1.464256644248962402e+00
-5.433844327926635742e-01 1.136283278465270996e+00 7.060090899467468262e-01 5.937482118606567383e-01 1.270123422145843506e-01 6.933629512786865234e-01 -5.838440060615539551e-01 6.027677059173583984e-01 1.502672731876373291e-01 1.183305740356445312e+00
-7.282244563102722168e-01 -1.253679394721984863e+00 -6.924605965614318848e-01 -2.856235980987548828e+00 -8.611815571784973145e-01 -4.060365855693817139e-01 2.721992135047912598e-01 2.986515462398529053e-01 4.729354977607727051e-01 -4.717761874198913574e-01
-1.171184539794921875e+00 -1.952050089836120605e+00 -7.573348283767700195e-01 -1.884218454360961914e-01 2.219988107681274414e-01 7.375755906105041504e-02 1.074560523033142090e+00 7.867817878723144531e-01 -3.379447162151336670e-01 -1.410903036594390869e-01
-1.263368129730224609e-01 -9.179242849349975586e-01 1.080303072929382324e+00 -7.997702360153198242e-01 -8.772292733192443848e-01 -1.024502873420715332e+00 -8.813059329986572266e-01 1.993930339813232422e+00 1.048234850168228149e-01 1.113412976264953613e+00
-3.136769682168960571e-02 4.464626610279083252e-01 1.479655861854553223e+00 -1.043107509613037109e+00 7.966149449348449707e-01 4.633424580097198486e-01 5.287113189697265625e-01 9.307616949081420898e-02 1.281883239746093750e+00 -6.289559602737426758e-01
7.271708846092224121e-01 -1.429937005043029785e+00 -2.679969072341918945e-01 8.156666755676269531e-01 2.061286419630050659e-01 -7.029981613159179688e-01 5.768091678619384766e-01 -1.197190880775451660e+00 2.659209370613098145e-01 -7.091274261474609375e-01
1.461765617132186890e-01 -1.797058820724487305e+00 -3.574755191802978516e-01 -1.456405997276306152e+00 1.717310428619384766e+00 -1.018411397933959961e+00 -2.101884603500366211e+00 -1.698148131370544434e+00 -1.037360310554504395e+00 9.230209589004516602e-01
-6.661392450332641602e-01 -6.179867982864379883e-01 1.310703992843627930e+00 1.473595738410949707e+00 -2.851306200027465820e-01 -3.725976347923278809e-01 -1.656345129013061523e+00 -1.415104031562805176e+00 -1.896674185991287231e-01 1.786041021347045898e+00
1.800107598304748535e+00 9.789214134216308594e-01 -4.626724123954772949e-01 -1.497905969619750977e+00 -4.023905098438262939e-01 -1.687609106302261353e-01 -7.294593453407287598e-01 -2.333937168121337891e+00 -4.907172620296478271e-01 -1.458291172981262207e+00
3.989521563053131104e-01 3.334015607833862305e-01 -4.138520061969757080e-01 5.126170068979263306e-02 -1.381094932556152344e+00 8.958240151405334473e-01 5.971840023994445801e-01 1.110357940196990967e-01 7.744603753089904785e-01 -6.643869280815124512e-01
6.152570843696594238e-01 -5.205690264701843262e-01 -1.786213636398315430e+00 2.063475362956523895e-02 -2.502695620059967041e-01 -1.451821327209472656e-01 1.339020848274230957e+00 -2.451477527618408203e+00 -1.490939617156982422e+00 -7.993952631950378418e-01
1.466110706329345703e+00 2.992707192897796631e-01 -1.399497538805007935e-01 6.646145135164260864e-02 -2.036427021026611328e+00 -4.900410473346710205e-01 2.237077616155147552e-02 2.283616065979003906e-01 -1.856459379196166992e-01 4.137098193168640137e-01
1.524697899818420410e+00 -2.293278276920318604e-02 -1.151898145675659180e+00 -3.090322315692901611e-01 -1.495521187782287598e+00 -7.526264190673828125e-01 -6.525188684463500977e-01 2.422447919845581055e+00 5.197094082832336426e-01 -3.198348879814147949e-01
-6.821013689041137695e-01 2.706387639045715332e-01 6.928957104682922363e-01 -2.307394027709960938e+00 4.204845130443572998e-01 2.500459849834442139e-01 2.796435952186584473e-01 1.218063235282897949e+00 1.727378666400909424e-01 2.068590372800827026e-01
1.400703191757202148e+00 -1.021559834480285645e+00 -5.113185048103332520e-01 -5.123550891876220703e-01 -8.314530253410339355e-01 -1.916746377944946289e+00 -3.377872705459594727e-01 -8.732103109359741211e-01 6.991251707077026367e-01 -1.723346590995788574e+00
5.843187123537063599e-02 -2.682871520519256592e-01 3.429282605648040771e-01 -2.340452909469604492e+00 -8.841553926467895508e-01 -3.780462443828582764e-01 -1.631408452987670898e+00 1.556664556264877319e-01 6.457462906837463379e-01 -8.065751194953918457e-01
7.881711125373840332e-01 -1.662544488906860352e+00 -7.064116001129150391e-01 4.478239715099334717e-01 -4.299999475479125977e-01 1.149142980575561523e+00 1.627178490161895752e-02 6.119606643915176392e-02 -2.698111534118652344e+00 -5.081461668014526367e-01
8.743337392807006836e-01 -2.358344495296478271e-01 2.435201257467269897e-01 5.430881977081298828e-01 7.498475909233093262e-01 1.237834244966506958e-01 1.316735446453094482e-01 1.211446076631546021e-01 -1.031519174575805664e+00 -7.185706496238708496e-01
-1.017273783683776855e+00 1.274066805839538574e+00 1.503480523824691772e-01 3.640334606170654297e-01 -3.623323142528533936e-01 9.708865880966186523e-01 8.835334777832031250e-01 -7.420542836189270020e-02 -6.365582346916198730e-01 -6.977231502532958984e-01
6.453056931495666504e-01 -2.926689624786376953e+00 2.747492492198944092e-01 -6.124928593635559082e-01 -2.925467789173126221e-01 -1.097769021987915039e+00 6.955462098121643066e-01 -7.705452442169189453e-01 1.213429331779479980e+00 8.027529120445251465e-01
-4.903548359870910645e-01 2.570907771587371826e-01 -2.913275957107543945e-01 -6.593511700630187988e-01 -1.399425029754638672e+00 -5.481964945793151855e-01 6.185081601142883301e-01 -1.013481616973876953e+00 -6.152359247207641602e-01 -4.278360307216644287e-01
2.728730738162994385e-01 -5.790168642997741699e-01 4.374314099550247192e-02 1.021781206130981445e+00 1.036276578903198242e+00 1.203214526176452637e+00 -1.005207598209381104e-01 -8.075442314147949219e-01 3.933570981025695801e-01 -6.425324082374572754e-01
2.322768568992614746e-01 7.118430137634277344e-01 1.631184816360473633e-01 -9.765037894248962402e-01 -2.102866917848587036e-01 -9.932544827461242676e-01 -2.486084252595901489e-01 -6.136479377746582031e-01 -8.201725482940673828e-01 2.184167861938476562e+00
-4.091215431690216064e-01 -6.667827814817428589e-02 1.065483927726745605e+00 5.185205936431884766e-01 -8.217299580574035645e-01 -1.637564539909362793e+00 -5.362309813499450684e-01 -1.287678927183151245e-01 9.667533636093139648e-01 2.971076667308807373e-01
2.009499818086624146e-01 -6.131915450096130371e-01 -1.279425978660583496e+00 -4.036986827850341797e-01 9.731104597449302673e-03 -4.733357429504394531e-01 1.212373018264770508e+00 -1.738565415143966675e-01 -7.859050035476684570e-01 -6.041111946105957031e-01
-2.324882894754409790e-01 1.032802700996398926e+00 -3.480204045772552490e-01 1.459404230117797852e+00 -5.595149099826812744e-02 -1.283569455146789551e+00 7.125965356826782227e-01 1.108110547065734863e+00 4.695276729762554169e-03 6.672872900962829590e-01
-5.580904483795166016e-01 -9.542824029922485352e-01 2.181417346000671387e-01 2.090639352798461914e+00 4.160273969173431396e-01 -1.393031477928161621e+00 -5.809258818626403809e-01 1.496683835983276367e+00 1.253823637962341309e+00 1.266690254211425781e+00
-9.363651275634765625e-02 1.063198149204254150e-01 -3.166335448622703552e-02 -6.461872905492782593e-02 -1.927896499633789062e+00 1.584673047065734863e+00 7.669881582260131836e-01 -9.860119819641113281e-01 5.260239243507385254e-01 8.360759019851684570e-01
2.816945500671863556e-02 -9.292904138565063477e-01 5.976743996143341064e-02 -1.822862505912780762e+00 -1.874078154563903809e+00 2.174214571714401245e-01 8.868339657783508301e-01 -4.771564304828643799e-01 1.140429973602294922e+00 6.184839010238647461e-01
1.590996742248535156e+00 -1.409646123647689819e-01 1.496924996376037598e+00 -9.057412147521972656e-01 3.724495470523834229e-01 3.031033277511596680e-02 -7.701499462127685547e-01 1.021167397499084473e+00 7.180347442626953125e-01 -1.095137670636177063e-01
-4.467294737696647644e-02 3.493289351463317871e-01 1.509985566139221191e+00 5.148296356201171875e-01 3.894588947296142578e-01 -6.949909925460815430e-01 -8.351703733205795288e-02 -5.692366510629653931e-02 1.156787276268005371e+00 -1.204876184463500977e+00
1.777393460273742676e+00 2.870461344718933105e-01 1.029123812913894653e-01 -6.493546366691589355e-01 -3.258396983146667480e-01 8.149300217628479004e-01 4.048564732074737549e-01 2.480738908052444458e-01 5.164175629615783691e-01 5.034941434860229492e-01
-1.247053265571594238e+00 2.117204517126083374e-01 1.431526303291320801e+00 5.019805952906608582e-02 -3.668016493320465088e-01 8.377885222434997559e-01 -3.406531214714050293e-01 2.583469748497009277e-01 -3.119964897632598877e-01 2.453369140625000000e+00
7.926081418991088867e-01 2.382396608591079712e-01 -5.244652628898620605e-01 -2.131433039903640747e-01 7.104121893644332886e-02 7.399786114692687988e-01 7.286169528961181641e-01 1.357886075973510742e+00 1.358321070671081543e+00 -5.817653536796569824e-01
-3.204190135002136230e-01 -7.241952419281005859e-01 -1.530920028686523438e+00 1.520817518234252930e+00 2.401206940412521362e-01 -5.455309152603149414e-01 2.915355920791625977e+00 -1.985203623771667480e-01 7.506852746009826660e-01 -3.903083130717277527e-02
8.635751008987426758e-01 2.048384249210357666e-01 4.531480669975280762e-01 -1.112057939171791077e-01 1.030719757080078125e+00 -1.186217188835144043e+00 -9.696010947227478027e-01 1.508028507232666016e-01 -1.000158548355102539e+00 -1.708541214466094971e-01
-2.217579632997512817e-01 1.477072536945343018e-01 -1.874603629112243652e-01 9.963310956954956055e-01 3.610778748989105225e-01 2.382468245923519135e-02 -3.323766961693763733e-02 1.094415187835693359e+00 -1.709067076444625854e-01 1.212005972862243652e+00
9.384842514991760254e-01 3.244765698909759521e-01 -1.705440402030944824e+00 7.466800212860107422e-01 -6.058981418609619141e-01 6.572403311729431152e-01 4.557708501815795898e-01 -1.091082334518432617e+00 1.565613895654678345e-01 -1.062898516654968262e+00
7.770355343818664551e-01 4.002602100372314453e-01 4.393692314624786377e-02 -2.973144650459289551e-01 -3.935324549674987793e-01 -3.621561527252197266e-01 -3.405808448791503906e+00 -1.107899993658065796e-01 -7.740994095802307129e-01 9.102571606636047363e-01
1.302159309387207031e+00 8.717438578605651855e-01 -1.985483169555664062e-01 -1.156045794486999512e+00 -7.709001302719116211e-01 -4.654739797115325928e-01 -3.846664726734161377e-01 -4.363538622856140137e-01 5.409508943557739258e-01 -1.213826060295104980e+00
-8.077893853187561035e-01 -4.448477625846862793e-01 1.426468253135681152e+00 2.565801441669464111e-01 4.156572222709655762e-01 1.748487710952758789e+00 1.523985385894775391e+00 6.208737492561340332e-01 -1.675522923469543457e-01 -6.071403622627258301e-01
3.471858799457550049e-02 -9.721251130104064941e-01 -1.672196984291076660e+00 1.705210208892822266e+00 8.678682446479797363e-01 -1.349246025085449219e+00 -6.023524999618530273e-01 -3.242466151714324951e-01 -6.425458788871765137e-01 -2.389268398284912109e+00
-2.692028760910034180e+00 -2.646126151084899902e-01 5.124606490135192871e-01 -4.189020395278930664e-01 1.360450237989425659e-01 2.189570903778076172e+00 -2.158873528242111206e-01 -4.342044591903686523e-01 -2.215795069932937622e-01 -7.294239997863769531e-01
1.698532342910766602e+00 -5.637373328208923340e-01 -2.142919063568115234e+00 -1.353927422314882278e-02 9.174067378044128418e-01 -1.843095541000366211e+00 6.344161033630371094e-01 8.556948304176330566e-01 -1.792933464050292969e+00 -8.685153126716613770e-01
3.060957603156566620e-02 -2.320930480957031250e+00 1.943270921707153320e+00 -1.731089234352111816e+00 -1.255165457725524902e+00 4.063984155654907227e-01 -3.854887560009956360e-02 8.334282636642456055e-01 -3.662760853767395020e-01 -1.240110993385314941e+00
-2.566416263580322266e-01 -9.771001338958740234e-02 2.273128181695938110e-01 -1.566590070724487305e+00 9.169340729713439941e-01 3.048888444900512695e-01 -8.830279111862182617e-01 -1.584058761596679688e+00 -3.711386024951934814e-01 -1.233847975730895996e+00
