-2.582076549530029297e+00
5.421391963958740234e+00
6.100361347198486328e+00
2.366956520080566406e+01
4.969604015350341797e+00
2.402408790588378906e+01
2.972525596618652344e+01
-9.942971467971801758e-01
9.751935958862304688e+00
-4.387138366699218750e+00
1.708851623535156250e+01
-1.515248870849609375e+01
5.680322170257568359e+00
-2.043667411804199219e+01
-1.282017135620117188e+01
2.402680969238281250e+01
1.557164287567138672e+01
2.687055766582489014e-01
1.064951992034912109e+01
1.258062362670898438e+01
-2.473881340026855469e+01
1.550506019592285156e+01
1.754953026771545410e+00
-5.678481578826904297e+00
-7.491103410720825195e-01
1.669669532775878906e+01
3.449538230895996094e+00
1.752260017395019531e+01
1.570269203186035156e+01
1.774382781982421875e+01
5.094567298889160156e+00
3.166478872299194336e+00
2.288489532470703125e+01
8.494886398315429688e+00
-1.525717544555664062e+01
1.940055084228515625e+01
-7.309000015258789062e+00
-4.376500701904296875e+01
-5.407012462615966797e+00
3.254190444946289062e+01
2.091311264038085938e+01
2.437463998794555664e+00
-2.646257781982421875e+01
1.241217041015625000e+01
-1.117880725860595703e+01
1.096428298950195312e+01
1.199148845672607422e+01
-1.710530281066894531e+01
-2.342857551574707031e+01
4.243409633636474609e+00
5.660195827484130859e+00
-2.075342559814453125e+01
7.325862407684326172e+00
6.552850246429443359e+00
2.828255081176757812e+01
2.215936422348022461e+00
1.823892593383789062e+01
-1.097117233276367188e+01
8.096115112304687500e+00
-5.429857730865478516e+00
1.118518066406250000e+01
-3.855849027633666992e+00
-2.380581140518188477e+00
-4.350324630737304688e+00
4.612823009490966797e+00
-6.926201581954956055e-01
-2.582785367965698242e+00
-1.687065887451171875e+01
2.025817489624023438e+01
5.510485649108886719e+00
-3.454012632369995117e+00
5.013512372970581055e-01
-9.463456869125366211e-01
-2.370201110839843750e+01
-2.390880966186523438e+01
-1.629494071006774902e+00
-2.266650199890136719e+01
8.304278373718261719e+00
2.424028205871582031e+01
-7.175055980682373047e+00
2.968209981918334961e+00
2.700360298156738281e+01
-6.956884860992431641e-01
3.143774509429931641e+00
-2.258641433715820312e+01
2.647723388671875000e+01
-8.114199638366699219e+00
3.393055343627929688e+01
-3.076936340332031250e+01
-3.599225759506225586e+00
